# Wavelength(nm) Rp/Rs Rp_err_low Rp_err_high
8.744404645439025217e+02 1.452609165066048036e-01 4.633504836261000104e-04 4.192036281799000155e-04
8.780014870314980726e+02 1.450488118414892114e-01 3.899327800432999787e-04 4.070034821605000223e-04
8.815661619796015884e+02 1.447708097059449972e-01 4.856621264305000072e-04 4.586876499697999814e-04
8.851344968140749643e+02 1.451321001722153947e-01 4.422050458929999974e-04 4.254842333236999951e-04
8.887064420952068531e+02 1.455844960904051077e-01 4.156933320993000110e-04 4.569809372249000160e-04
8.922819911465712721e+02 1.458479010536737897e-01 4.341485421121999973e-04 4.027301354414999902e-04
8.958611199156822522e+02 1.455865596172634946e-01 4.595035265895999906e-04 4.678538977265999884e-04
8.994437858556195806e+02 1.450043516304126978e-01 4.247524165837999826e-04 4.596979662612999903e-04
9.030299948963086081e+02 1.453430332431646932e-01 3.969237027628999917e-04 3.966780722768999861e-04
9.066196832134291981e+02 1.455112065695720880e-01 4.304559072099999918e-04 3.878498890513999969e-04
9.102128655113596096e+02 1.450676301117334033e-01 4.094580405971999949e-04 3.803550668764000067e-04
9.138095007263997331e+02 1.451774863886972911e-01 3.960673534209000228e-04 4.504161427222999939e-04
9.174095602576471720e+02 1.455581210657347080e-01 3.947969355358999888e-04 4.010600428326000009e-04
9.210130457555147814e+02 1.456632634705596896e-01 4.040759877018000102e-04 4.024350564321000192e-04
9.246198894851129353e+02 1.454453739214572883e-01 4.151685967361999977e-04 4.117961739815000229e-04
9.282301118251028811e+02 1.464871043794550021e-01 4.185631741396999986e-04 4.268123668751000075e-04
9.318436733133710277e+02 1.462543749475256893e-01 3.728292935763000203e-04 4.068624886099999759e-04
9.354605368635692457e+02 1.456523513483277132e-01 4.186078197847999788e-04 4.303755485590999848e-04
9.395336901907492120e+02 1.464792819302896121e-01 3.595201273592000092e-04 3.363250434169000151e-04
9.440639915808628757e+02 1.453193810500185978e-01 4.028591304171999748e-04 3.702615128785999798e-04
9.485993583130443767e+02 1.463453371186118901e-01 3.900074047602000151e-04 3.579862480881000012e-04
9.531397318356388269e+02 1.457593868639215917e-01 3.382791839254000073e-04 3.697513757120000086e-04
9.576850821204969861e+02 1.455646791081181002e-01 3.739188482448000230e-04 3.492833054223999732e-04
9.622353543760564207e+02 1.461916590882864908e-01 3.439027370925999976e-04 3.357505542418000267e-04
9.667905110074959794e+02 1.456431038093033981e-01 3.673901609709999752e-04 3.571453802004999995e-04
9.713505118615811398e+02 1.454395952273392911e-01 3.236084544139999951e-04 3.120846089213000088e-04
9.759152990848818945e+02 1.451131015435536131e-01 3.622401327970000144e-04 3.439716793080999958e-04
9.804848506578396155e+02 1.445564781004494981e-01 3.348322541891999844e-04 3.660595981192999782e-04
9.850590942205395777e+02 1.444510993856877867e-01 3.312450724414000235e-04 3.519331022452000112e-04
9.896380168461116682e+02 1.445922621812638920e-01 3.470429544334999953e-04 3.466434225886000126e-04
9.942215516299596629e+02 1.456396078830723972e-01 3.148588274964000152e-04 3.169209091789000209e-04
9.988096731751884363e+02 1.448356068235001071e-01 3.148143009964999802e-04 3.300022599497999965e-04
1.003402343832421138e+03 1.451867366144113936e-01 3.158540656412999739e-04 3.020287085482000139e-04
1.007999493720962619e+03 1.453075039621734010e-01 3.419437904275999889e-04 3.532539962828000067e-04
1.012601113784662402e+03 1.449490595407348092e-01 3.248124552607000218e-04 3.174116230180999742e-04
1.017207129702134353e+03 1.451597808956517077e-01 3.152147333827999857e-04 3.046354005968999849e-04
1.021817526045885984e+03 1.447177267863707928e-01 3.352690957411000165e-04 3.126359607011999797e-04
1.026432265037950629e+03 1.448728811834494867e-01 3.403782431314000085e-04 3.459692567875999802e-04
1.031051270962087983e+03 1.451108880667620893e-01 3.235518548773999819e-04 3.169900269296000014e-04
1.035674541969657639e+03 1.452260596307339002e-01 3.649239704714999982e-04 3.414661405773999946e-04
1.040302013279294442e+03 1.448247945737926867e-01 3.009606142464999823e-04 3.023456028545000234e-04
1.044933647383074685e+03 1.446842637213482941e-01 3.029688838691999746e-04 2.871488399330999965e-04
1.049569425956889290e+03 1.447873256422013977e-01 2.889781610872000132e-04 2.990886770494999942e-04
1.054209267723834273e+03 1.449988658559850929e-01 3.363048042991999926e-04 3.147898309928999776e-04
1.058853166320900982e+03 1.457340544944125960e-01 3.176337987025999884e-04 2.869556664069000196e-04
1.063501088184699938e+03 1.449568498812187911e-01 3.271300276735999773e-04 3.035508442542000028e-04
1.068152949185894840e+03 1.453761291449555959e-01 2.868259865115999952e-04 2.992644419629000201e-04
1.072808753486259775e+03 1.448986710797793009e-01 3.182901867617000079e-04 3.104987551208999801e-04
1.077468459344077019e+03 1.449888152644953909e-01 3.046842704663000169e-04 2.876670261692000218e-04
1.082131987500381456e+03 1.463351856048600019e-01 3.138731079746000133e-04 3.013254824722000152e-04
1.086799343737941399e+03 1.460343051127367120e-01 3.197979276432999854e-04 2.953147606246000058e-04
1.091470484419526201e+03 1.452692335052017947e-01 3.625738438329999887e-04 3.651124230468000211e-04
1.096145332132105523e+03 1.453958828630275979e-01 3.370927350846000055e-04 3.215790680130000225e-04
1.100823891662780625e+03 1.455343743623833952e-01 3.111938545049999891e-04 3.189895090602000178e-04
1.105506123019267079e+03 1.464182991323151051e-01 2.988286677615999815e-04 3.103125173132999779e-04
1.110191947998829392e+03 1.459583070993256126e-01 3.089117336830999889e-04 3.141671872675000257e-04
1.114881367385224621e+03 1.462377757326372985e-01 2.943567755266999998e-04 3.043486400102999863e-04
1.119574349677260216e+03 1.464877762850071985e-01 3.020935320206000153e-04 2.890864298819000185e-04
1.124270819237750857e+03 1.456717430169207073e-01 3.252683940009000246e-04 3.316367144861000118e-04
1.128970760321566331e+03 1.460022014521938083e-01 2.953319644824000008e-04 3.236413941183000076e-04
1.133674154116269619e+03 1.470837966587489887e-01 3.013543752255000191e-04 2.668094143187000212e-04
1.138380938434580230e+03 1.463515599157325930e-01 2.950704668726999839e-04 2.633196465582999862e-04
1.143091069007579563e+03 1.461621701497410053e-01 2.961101741656000015e-04 2.582228806797999825e-04
1.147804542085150388e+03 1.459328870371605080e-01 3.092573702188000173e-04 2.833987615866000176e-04
1.152521314462108649e+03 1.459349039079937960e-01 2.727564449308000232e-04 2.650089485129999761e-04
1.157241319737651111e+03 1.454675598827055993e-01 3.278780696367999958e-04 3.084501641043000167e-04
1.161964546364892840e+03 1.458909647368052953e-01 3.296773976362999802e-04 3.198622917535999793e-04
1.166690972953212395e+03 1.462564728365148004e-01 3.067517506865999766e-04 2.867974166579000074e-04
1.171420541264945086e+03 1.459078710627078890e-01 2.780902945787999811e-04 2.593457403552000161e-04
1.176153205067471163e+03 1.457123525430938926e-01 2.813430402023000187e-04 2.959898974957999836e-04
1.180888959298171585e+03 1.462667409179393974e-01 3.172629540842000035e-04 2.995189605428000040e-04
1.185627772056396452e+03 1.453683741219559955e-01 2.948757428259999821e-04 3.012951681732999737e-04
1.190369580540601419e+03 1.455085691653111024e-01 2.833908284553999938e-04 3.202002893318999953e-04
1.195114350954783959e+03 1.455273715495999098e-01 2.957114729869000144e-04 2.994282604448999878e-04
1.199862076226744193e+03 1.457192553918811029e-01 2.839124111713999758e-04 2.836879171743000188e-04
1.204612721009401866e+03 1.459703872104897993e-01 2.928239145923000044e-04 2.968331259128999884e-04
1.209366225860779650e+03 1.457297259078108032e-01 2.856301346676999933e-04 2.772303362644000057e-04
1.214122558872021727e+03 1.455122437266231084e-01 3.156158097639999872e-04 3.000579261718999734e-04
1.218881711262463341e+03 1.451405608425337945e-01 3.047650522474000100e-04 3.036965605410000104e-04
1.223643650130751439e+03 1.458763660323562916e-01 2.851887654959999970e-04 2.949880508185000042e-04
1.228408319127448749e+03 1.454717796386177930e-01 2.850205117912000012e-04 2.754193861845999781e-04
1.233175684431360423e+03 1.454881157823076920e-01 2.793305522138000204e-04 2.875621449718000224e-04
1.237945732767240088e+03 1.451693203580297908e-01 3.000849206607999792e-04 2.920463080755999856e-04
1.242718438507876954e+03 1.450948413759609867e-01 3.000774808467999793e-04 2.909990960194000151e-04
1.247493751211976587e+03 1.451843846051353026e-01 2.863015584936999991e-04 2.866483080604999853e-04
1.251793615734655305e+03 1.454564917275721903e-01 3.475790836845000175e-04 3.313317434892999952e-04
1.258008449319521787e+03 1.447647840662578955e-01 3.083772268861000010e-04 2.961170146347999747e-04
1.262791907091908570e+03 1.450910860317365936e-01 2.831574110984999950e-04 3.081947467494000246e-04
1.267577846414102169e+03 1.448265398438607909e-01 2.646014612544999776e-04 2.704981543536999987e-04
1.272366224557285932e+03 1.444638569406196948e-01 2.912608075593999934e-04 2.981059680358000177e-04
1.277157011477936521e+03 1.450435324610009069e-01 3.290413867759000134e-04 3.252203606088999795e-04
1.281950191842377762e+03 1.450502082808408921e-01 2.981291303130999965e-04 2.987622153345000108e-04
1.286745740315797548e+03 1.446350620791677088e-01 3.004013597251000214e-04 2.913679772849999999e-04
1.291543611837725848e+03 1.452907125734383964e-01 3.097021300443000055e-04 3.133383118215999816e-04
1.296343771585306740e+03 1.448637945342300948e-01 3.026733990930000149e-04 2.963583844056000001e-04
1.301146190404062963e+03 1.447403879567303042e-01 3.258678032447000043e-04 3.230924655790000247e-04
1.305950852259305520e+03 1.449475482664837889e-01 2.933906121529000202e-04 3.045534291487999885e-04
1.310757731968524240e+03 1.455677335946246875e-01 2.988029884833999809e-04 3.391265784138000161e-04
1.315566787017661454e+03 1.454310037929996136e-01 3.141228440388000188e-04 2.953382807397999751e-04
1.320377984272757203e+03 1.458667081591286940e-01 2.968570727988000088e-04 2.909346465165000206e-04
1.325191295344605805e+03 1.458495500671913025e-01 3.105345390845999903e-04 3.113199025401000076e-04
1.330006699248895757e+03 1.463909880613845083e-01 2.992807996446999780e-04 3.469318027564999751e-04
1.334824175830030299e+03 1.462394000197607125e-01 2.966128915349000215e-04 2.989391665237999766e-04
1.339643689395417141e+03 1.464958070224224029e-01 3.176662108624000004e-04 3.246787906387999922e-04
1.344465203789324050e+03 1.469345352917771907e-01 3.395545259613000073e-04 3.125414516663000113e-04
1.349288691530383176e+03 1.467085922165400902e-01 3.417108092585000078e-04 3.166465644462999928e-04
1.354114125561077572e+03 1.474085337570557874e-01 3.258836841927000103e-04 3.017068875359000266e-04
1.358941489514728573e+03 1.472382429692233874e-01 2.884965396127999837e-04 2.873943962658999829e-04
1.363770758075227604e+03 1.471428543742915040e-01 2.985535060609999757e-04 3.107188167159999803e-04
1.368601893194123932e+03 1.469210185636221910e-01 3.295400530546999758e-04 2.982700359588000131e-04
1.373434865899627994e+03 1.467303198308443912e-01 2.984346882173000257e-04 3.061286173239000270e-04
1.378269649813205660e+03 1.471062693082549888e-01 3.458582576085000100e-04 2.993557313050000191e-04
1.383106218952500967e+03 1.472228840740497924e-01 3.373751216631000059e-04 3.156057137614999889e-04
1.387944556539543328e+03 1.473654381750026110e-01 2.997707988333000030e-04 3.028794669270999966e-04
1.392784638077918999e+03 1.461846139567311020e-01 3.362974537995999983e-04 3.218162299580999762e-04
1.397626428218680985e+03 1.474378387031302085e-01 3.470268209435999995e-04 3.396016926109999960e-04
1.402469899493156618e+03 1.470207087770770138e-01 3.395211856503000010e-04 3.190910369891000135e-04
1.407315026640233782e+03 1.470621266179072129e-01 3.533919812435999826e-04 3.559688053233999979e-04
1.412161784582590826e+03 1.468278682550085978e-01 3.706479397715999936e-04 3.329340069986000037e-04
1.417010152652446550e+03 1.471884125555782963e-01 3.373669846150000149e-04 3.350641372321000217e-04
1.421860111364865816e+03 1.471410402372473059e-01 2.967651161302999789e-04 3.061239412285999932e-04
1.426711631569286510e+03 1.476236820261832006e-01 3.356705721147000055e-04 3.417438607135999860e-04
1.431564683312104080e+03 1.475534291190747915e-01 3.440290957489000015e-04 3.100220049743999820e-04
1.436419242461359772e+03 1.470710249706422001e-01 3.417421115258000106e-04 3.442374457737000211e-04
1.441275285071956660e+03 1.470990026197288025e-01 3.428023083243999895e-04 3.278229644816999834e-04
1.446132787385849042e+03 1.471204755241785067e-01 3.578491566905999842e-04 3.404206247534999883e-04
1.450991730354461424e+03 1.470188776064111913e-01 3.426479033709000179e-04 3.256064864538000246e-04
1.455852093878122332e+03 1.464311282136744052e-01 3.487685496069999991e-04 3.163067820198999847e-04
1.460713849892302960e+03 1.461501267662859982e-01 3.660293114158999863e-04 3.387289110579999834e-04
1.465576971766982069e+03 1.467741560377260057e-01 3.662781965135999810e-04 3.337627035204999743e-04
1.470441436698892858e+03 1.471890076572411055e-01 3.649023646547000011e-04 3.573331932291999905e-04
1.475307222072982995e+03 1.464159788883669100e-01 3.622398826983999815e-04 3.249886997029999801e-04
1.480174305462732264e+03 1.468691179435440974e-01 3.609796711079999972e-04 3.665637487275000099e-04
1.485042665900703014e+03 1.460727833163295020e-01 3.039924105669999932e-04 3.005463248214999979e-04
1.489912286452780791e+03 1.466309249140375082e-01 3.464926369454999805e-04 3.559986156799000226e-04
1.494783143802090308e+03 1.458358062284773882e-01 3.488816501073000202e-04 3.600176826330000047e-04
1.499655210878180924e+03 1.461534080129456015e-01 3.526994364808000090e-04 3.723558934771999899e-04
1.504528466110076351e+03 1.465062993488981946e-01 3.765507977186000163e-04 4.087826513311000067e-04
1.509402888223517493e+03 1.461573580653272864e-01 3.426961682070000050e-04 3.492684719732000150e-04
1.514278456134415592e+03 1.460190323035636950e-01 3.528695258402000088e-04 3.723786015032999998e-04
1.519155148949096201e+03 1.454907577069149138e-01 3.637732029001000027e-04 3.869284792445000206e-04
1.524032947237979215e+03 1.456112513300762967e-01 3.198593328066999791e-04 3.503229700861000160e-04
1.528911834353015820e+03 1.460809985110212983e-01 3.591022256758999833e-04 3.287621292151999761e-04
1.533791788502705685e+03 1.450965766542769986e-01 3.789993495567999904e-04 3.959947264195000090e-04
1.538672785454280074e+03 1.458277795434947954e-01 3.896037548735000020e-04 4.135093996427999740e-04
1.543554805233993193e+03 1.451667798665803866e-01 3.800493879045000042e-04 3.541278968798000073e-04
1.548437828108010081e+03 1.459167188888527977e-01 3.889887888877000075e-04 3.748876716040000241e-04
1.553321834534134723e+03 1.456418272197295138e-01 3.749583796319000233e-04 3.686498700587999906e-04
1.558206805161997409e+03 1.454140277037055951e-01 3.521159097464000246e-04 3.581165865381000018e-04
1.563092720833333942e+03 1.458158832901355895e-01 3.777566835664999869e-04 4.056393326369999862e-04
1.567979565402632034e+03 1.455925641067828957e-01 3.705306592439999843e-04 3.902481546947999874e-04
1.572867321241768195e+03 1.459491469339624092e-01 3.850943263380000219e-04 3.911464127663999836e-04
1.577755966749065692e+03 1.450919090178023063e-01 4.055277077665999752e-04 4.008317658409000128e-04
1.582645482195813884e+03 1.453964782881426998e-01 3.820788937274999892e-04 3.790139412881000209e-04
1.587535849396929507e+03 1.448317409444273007e-01 3.886411194500999930e-04 4.118142637654000223e-04
1.592427050360068733e+03 1.446717975914955934e-01 3.691385092554999949e-04 3.565425526547000008e-04
1.597319067285771098e+03 1.451745181647215999e-01 3.766960962871999876e-04 3.980051911660999805e-04
1.602211882567597286e+03 1.447824362934345133e-01 4.407714550066999730e-04 4.010039695237000205e-04
1.607105478792271015e+03 1.451450080818287025e-01 4.109215930783999943e-04 4.304410914058999873e-04
1.611999840330859570e+03 1.454136031044901134e-01 4.168769298151999846e-04 4.129970726574000244e-04
1.616894951611658144e+03 1.446154029215613868e-01 4.036850028876999888e-04 4.092124840510000185e-04
1.621790794047602731e+03 1.458195887477763131e-01 3.943463923431999836e-04 4.027765153033000109e-04
1.626687349385955486e+03 1.454615316313470075e-01 4.063894255014999755e-04 3.953680090786000135e-04
1.631584601189978684e+03 1.447040523512156951e-01 3.892757538064999835e-04 3.779791701371999768e-04
1.636482533216603770e+03 1.455076756161338969e-01 3.831558046986000042e-04 4.002237343484000209e-04
1.641381129416535941e+03 1.446603803269596034e-01 4.365265988249000004e-04 3.915033952853999751e-04
1.646280373934355794e+03 1.448643719998349011e-01 4.193146253167000085e-04 3.786732460607000251e-04
1.651180251108612993e+03 1.444664276154840055e-01 4.620351774402999922e-04 4.191429100139999796e-04
1.656080745471962700e+03 1.449434222393699012e-01 4.372368785012999983e-04 4.116683553051999917e-04
1.660981843344744675e+03 1.448656683444378979e-01 4.551487667608999986e-04 4.253200526053000263e-04
1.665883530272134294e+03 1.450512848723551074e-01 4.166951618172999778e-04 4.089868916102000224e-04
1.670785789646257854e+03 1.447450670199456058e-01 4.500346414484999828e-04 4.853911694689000151e-04
1.675688606026737943e+03 1.443377765194227003e-01 4.236840368384999877e-04 4.517819115266000262e-04
1.680591964925163438e+03 1.453893215328229127e-01 4.315037844477000130e-04 4.329139752676999797e-04
1.685495852047532935e+03 1.446202530958410060e-01 4.430835699305000239e-04 4.504879975457000267e-04
1.690400253294324102e+03 1.450182864133361949e-01 4.327831158251000060e-04 4.504210105308999938e-04
1.695305154760565529e+03 1.450858295478215099e-01 4.653198557243999850e-04 4.803661523471000248e-04
1.700210542735902891e+03 1.447401779125246091e-01 4.247486517988999753e-04 4.464270697437000188e-04
1.705116403704662162e+03 1.444341469227063135e-01 4.183280445309000011e-04 4.376528516173999891e-04
1.710022724784368393e+03 1.437734766838850986e-01 4.822227013616000148e-04 4.574862093949999867e-04
1.714929494008593338e+03 1.451138279941620035e-01 4.545271823357000126e-04 4.562869050054000220e-04
1.719836697913562602e+03 1.453642849802216919e-01 4.304401968465000161e-04 4.558918897086000231e-04
1.724744322503023568e+03 1.451758701146853014e-01 4.615950157252999967e-04 4.530486595272000005e-04
1.729652355232508853e+03 1.451621960307669934e-01 4.756412497440999751e-04 4.635866828778999952e-04
1.734560783761729454e+03 1.451134540879789048e-01 4.863638013947999862e-04 4.662291931828000226e-04
1.739469595945354968e+03 1.454225183614837047e-01 4.395906364137999798e-04 4.938400098239999593e-04
1.744378779833060662e+03 1.455027813128755010e-01 4.925673398615999787e-04 5.041882996697000024e-04
1.749288323669572492e+03 1.452111013924078931e-01 5.080470204611000143e-04 4.906764593825000331e-04
1.754198215894711211e+03 1.453721850508689906e-01 4.672021924298000168e-04 4.710380196043999841e-04
1.759108445143433755e+03 1.466158274735183953e-01 5.156798666184999507e-04 5.156997997362999667e-04
1.764019000569760237e+03 1.468217258260599012e-01 4.639693433780999908e-04 4.676526985024000052e-04
1.768929871944947081e+03 1.457031303906373976e-01 5.082978487594999682e-04 4.964931273366999728e-04
1.773841048087968602e+03 1.459726632295423043e-01 5.015704170328000137e-04 4.528118197483000144e-04
1.778752517591885635e+03 1.452025412222945067e-01 5.029053647856000526e-04 4.837907172807000061e-04
1.783664270071333476e+03 1.460138521680814927e-01 5.019013216065999847e-04 5.213819466764000460e-04
1.788576295338042883e+03 1.458813838397549079e-01 5.104612029192000288e-04 4.818182092686999849e-04
1.793488583399050867e+03 1.464969223105203888e-01 5.253356711906999538e-04 4.991702613546999869e-04
1.798401124456732532e+03 1.458002023400326030e-01 4.497022395184999892e-04 4.924486821103000317e-04
1.803313908908829262e+03 1.456604343434058924e-01 5.046173763235999509e-04 4.916200458606000525e-04
1.808226927348475783e+03 1.461564824158529952e-01 4.992489869496000501e-04 4.789127073950999740e-04
1.812648826638363971e+03 1.448254835251419070e-01 5.983978101093000330e-04 5.408190508108999756e-04
1.816579560292208726e+03 1.465227187725391123e-01 6.000126633661000347e-04 5.877368037956999742e-04
1.820510428254797944e+03 1.464137487163895968e-01 5.323630477311999589e-04 5.729421537041999796e-04
1.824441426404982849e+03 1.466595171307323864e-01 5.823499119070000164e-04 5.856431718005999541e-04
1.828372550134042513e+03 1.469979249709894020e-01 5.928924248913999785e-04 6.063553774408000138e-04
1.832303794774136804e+03 1.451008457766455040e-01 5.909899576482999500e-04 6.111779817134999548e-04
1.836235156109945819e+03 1.463912716313681972e-01 5.752955054279000266e-04 5.980848984400000514e-04
1.840166630008106267e+03 1.463759864448969938e-01 6.216105110166000002e-04 6.689212954756999525e-04
1.844098212415337457e+03 1.472285774013145920e-01 5.874340246496000291e-04 5.811673499097999747e-04
1.848029899358448347e+03 1.458662780324657127e-01 6.157409361259000334e-04 5.958736308513000370e-04
1.851961686944341636e+03 1.478613141102745887e-01 6.161163036811999729e-04 5.969177687469999537e-04
1.855893571360021951e+03 1.474023651328557893e-01 5.356467553980999484e-04 5.678376604683000239e-04
1.859825548872598347e+03 1.481034646678519862e-01 6.061532194554000415e-04 6.434394263831000414e-04
1.863757615829289989e+03 1.460787083349850968e-01 5.692882367778999550e-04 5.959807073501000117e-04
1.867689768657432296e+03 1.470003758220511103e-01 5.904489866091000095e-04 6.150519270148000232e-04
1.871622003864479893e+03 1.470265914879470004e-01 6.088870374332999626e-04 6.504653973323000103e-04
1.875554318040886528e+03 1.467047196189875113e-01 6.995841436058000511e-04 6.966050731816999467e-04
1.879486708059808052e+03 1.475571651771767911e-01 6.714024698094999853e-04 6.714145939097999807e-04
1.883419170738786988e+03 1.471030875866221888e-01 5.817091217504000416e-04 6.308663079841999926e-04
1.887351702674071248e+03 1.481362199072600028e-01 6.789304453727999528e-04 6.344448286806999735e-04
1.891284300676004705e+03 1.472401209822983004e-01 6.040840006878000351e-04 7.093270002341000051e-04
1.895216961735010045e+03 1.451428912844273111e-01 6.482100925250999703e-04 6.037205573728999771e-04
1.899149682921644171e+03 1.457178014901830965e-01 7.260205820371000126e-04 6.472974309795000462e-04
1.903082461386601381e+03 1.456998738286175987e-01 6.455565914376999595e-04 6.570711326227999605e-04
1.907015294360716780e+03 1.461514088620874952e-01 6.570037956003999847e-04 6.734309961676000506e-04
1.910948179154969694e+03 1.476180470891317875e-01 6.508914626058999973e-04 6.141584782882999810e-04
1.914881113160485938e+03 1.463556487059886890e-01 7.165790806561999921e-04 6.382028384732999458e-04
1.918814093848538960e+03 1.457654837309474982e-01 7.052291143692000167e-04 6.687443342800999989e-04
1.922747118770554152e+03 1.451362599397167108e-01 6.396338661494000528e-04 6.242652058290000441e-04
1.926680185558110452e+03 1.471245986780742032e-01 6.521146036369999477e-04 6.725337753945000250e-04
1.930613291922940789e+03 1.460647794456579884e-01 6.700238610823000323e-04 7.415658284921999941e-04
1.934546435660163979e+03 1.456244396079910963e-01 7.721098891427999582e-04 6.716093574192000173e-04
1.938479614745008803e+03 1.474791849234237118e-01 6.524053732160999507e-04 7.012522347233000148e-04
1.942412827141865364e+03 1.458293232177385879e-01 7.049360051664000509e-04 6.807144130373000155e-04
1.946346070764447632e+03 1.460085342692606092e-01 6.923530041554999898e-04 6.905206005053000223e-04
1.950279343695440957e+03 1.464095887984022959e-01 7.517473775545000176e-04 6.611014028027999969e-04
1.954212644129616820e+03 1.465320403106079028e-01 6.872404879180000429e-04 6.590008513776999741e-04
1.958145970341909333e+03 1.465260294542176933e-01 7.212612563138999597e-04 7.008977222032000427e-04
1.962079320687414338e+03 1.472811149556881027e-01 6.970062934995000003e-04 6.844665725302999729e-04
1.966012693601391902e+03 1.477081403816402905e-01 6.909017944034999631e-04 6.773529826312000299e-04
1.969946087599265638e+03 1.461341942615144995e-01 8.095411591465999715e-04 7.257419568158999645e-04
1.973879501276627025e+03 1.473353224410935969e-01 6.945508218977000138e-04 7.096499327077000503e-04
1.977812933309231994e+03 1.463607852157488010e-01 7.313661446238000274e-04 6.891871377385999989e-04
1.981746382453005936e+03 1.451540562931591949e-01 7.341979252606999984e-04 7.622837834747000401e-04
1.985679847544040058e+03 1.467296773931628107e-01 7.041887241208000118e-04 7.411140562839999956e-04
1.989613327498595709e+03 1.456744684731124118e-01 6.901547497973999556e-04 6.477177419445999612e-04
1.993546821314212821e+03 1.458081257508639095e-01 7.191468539825999562e-04 6.985125297056000038e-04
1.998463708592439161e+03 1.438995192785013089e-01 5.643131892357000157e-04 5.719483582661999844e-04
2.022064992847543181e+03 1.466003277774148017e-01 7.312202858488000157e-04 7.342004019720999855e-04
2.025998573222266486e+03 1.454231270997904946e-01 7.469739295279999866e-04 8.045590266116000146e-04
2.029932161975902090e+03 1.460895985031558930e-01 8.104975295282000180e-04 7.908781957024999540e-04
2.033865758928670630e+03 1.477713086996665093e-01 7.997718952847999736e-04 7.188396934947000137e-04
2.037799363980964699e+03 1.469862136029679023e-01 8.025905872710999665e-04 6.837237221630999492e-04
2.041732977113348170e+03 1.459413135876538037e-01 7.353823273374000520e-04 7.868845673184999678e-04
2.045666598386555961e+03 1.454509413540779894e-01 7.150997175288999761e-04 6.973038837185999541e-04
2.049600227941499725e+03 1.462430068907862868e-01 7.658790116440000175e-04 7.904879126730999465e-04
2.053533866002662307e+03 1.462368873818241932e-01 7.354530941568000399e-04 7.470511397701999580e-04
2.057467512903806892e+03 1.455429775993226926e-01 7.248457937333999731e-04 7.746724835213000511e-04
2.061401169030915753e+03 1.457997106648183938e-01 7.543992003486999767e-04 8.045992850322999804e-04
2.065334834818334002e+03 1.452740162535023083e-01 8.005481051853000247e-04 8.684079762335000395e-04
2.069268510806145059e+03 1.459000657483520980e-01 7.632366989636000338e-04 7.327079693300999957e-04
2.073202197618326409e+03 1.453772159584311996e-01 7.869591004937000027e-04 8.583140272248999557e-04
2.077135895959030222e+03 1.465961477817717129e-01 7.730023901371999538e-04 8.197667042947999819e-04
2.081069606612581083e+03 1.444106114356127069e-01 9.269970542661999744e-04 8.743024945935999950e-04
2.085003330443475988e+03 1.443596119132080080e-01 8.163333333356000403e-04 7.939552429251999725e-04
2.088937068396388440e+03 1.455262240789237937e-01 7.972384779017999742e-04 8.085820152082000061e-04
2.092870821496166627e+03 1.445800305484165882e-01 8.280714392760000087e-04 8.522209568076000510e-04
2.096804590847832969e+03 1.455864953880454948e-01 8.246342189685999585e-04 7.957302704980000023e-04
2.100738377636585028e+03 1.464550877355361991e-01 8.425643113834000407e-04 8.679231403745000465e-04
2.104672183127800054e+03 1.448869480641863106e-01 8.670720209093999526e-04 8.420619035384999465e-04
2.108606008667029528e+03 1.437144918077485067e-01 9.381888104263999897e-04 9.002676392924999649e-04
2.112539855684352460e+03 1.460187322319199121e-01 8.963570102601999944e-04 9.067609923549000209e-04
2.116473725773097613e+03 1.446095208962981937e-01 8.130987000678999719e-04 8.247384382751999764e-04
2.120407620543587655e+03 1.444663840937918109e-01 8.853847238141000385e-04 8.739057090584999733e-04
2.124341541589966255e+03 1.442748450291782003e-01 8.298766777998999814e-04 8.324065900491999827e-04
2.128275490646408343e+03 1.465388470007603916e-01 8.382571082084000523e-04 7.907106225321000039e-04
2.132209469541549879e+03 1.438209557039492048e-01 8.677902018798999608e-04 8.302394706714000521e-04
2.136143480184206965e+03 1.443996397368688123e-01 7.798310625486000154e-04 8.514370939813999464e-04
2.140077524563379939e+03 1.457938296015555968e-01 9.172792600490999948e-04 9.236219378717000191e-04
2.144011604748252921e+03 1.454255675262229874e-01 9.422782270523999458e-04 8.534282447590999660e-04
2.147945722888196087e+03 1.441537609688512134e-01 1.018852822324599902e-03 9.027390424748999581e-04
2.151879881212764758e+03 1.447806257780804018e-01 8.669022453956000147e-04 8.360473917457000338e-04
2.155814082031705311e+03 1.438815958878658097e-01 9.207088142918000125e-04 8.548537493981000351e-04
2.159748327734953818e+03 1.452907687746426979e-01 8.676845032073000159e-04 8.482925778037000162e-04
2.163682620792640137e+03 1.452293867730443111e-01 9.279163786037999875e-04 8.989420344703999638e-04
2.167616963755088818e+03 1.447490178287479112e-01 9.167766094669000223e-04 8.850811900762000240e-04
2.171551359255633997e+03 1.454708899272307010e-01 9.166929758285999839e-04 8.665685900646000065e-04
2.175485810177453004e+03 1.444219560025908899e-01 1.037498132035399954e-03 9.280449927099999712e-04
2.179420319401742290e+03 1.428732356013580895e-01 9.415300912549000052e-04 9.694582126328000126e-04
2.183354889652084239e+03 1.437453616533939937e-01 9.915408522974998931e-04 9.482239275746000198e-04
2.187289523812594780e+03 1.440950694654289099e-01 8.285785977533000448e-04 8.722319333945000421e-04
2.191224224916724779e+03 1.446473013865456070e-01 9.004324187897999859e-04 8.537585652564999529e-04
2.195158996078131622e+03 1.446817283694920020e-01 8.904169952815000049e-04 9.407391134414000520e-04
2.199093840490678303e+03 1.447972481199313877e-01 9.953696507419001072e-04 1.042354211450400052e-03
2.203028761428444341e+03 1.451476924020582981e-01 8.886189408211000442e-04 9.258452494587000176e-04
2.206963762245721682e+03 1.463546121649473009e-01 1.004518944822400039e-03 1.019737219541800048e-03
2.210898846377020163e+03 1.444562975236348967e-01 9.186080874151000180e-04 1.037678895567600108e-03
2.214834017337074329e+03 1.429257769303987902e-01 9.450195270451999764e-04 9.063550424149000072e-04
2.218769278720844795e+03 1.453721282363464040e-01 9.716464148399000080e-04 8.800561032603999509e-04
2.222704634203522801e+03 1.437868572591917971e-01 8.569781281014000321e-04 9.284342854699000058e-04
2.226640087540536570e+03 1.447094275056252932e-01 9.616019468798000158e-04 1.032031226459600081e-03
2.230575642567553587e+03 1.426268684965986966e-01 9.459567072848000307e-04 1.062734258171199988e-03
2.235003276409193859e+03 1.451317308806706063e-01 9.030651771127000361e-04 8.119938441821999498e-04
2.241398976997468253e+03 1.438242350362126110e-01 1.006092210810599977e-03 9.593766368013000164e-04
2.245334949932656855e+03 1.450664270899099939e-01 1.069969093366200013e-03 9.798707307823999613e-04
2.249271043942266260e+03 1.446238911224166090e-01 1.048823535955699902e-03 9.527050015657999868e-04
2.253207263325126405e+03 1.451851990250085100e-01 9.874953251442001017e-04 9.835898690622000163e-04
2.257143612460326494e+03 1.430324823360054898e-01 9.708120939243999837e-04 1.005791356733800072e-03
2.261080095807220005e+03 1.457356455325757028e-01 9.901987904334000161e-04 9.751638335048000384e-04
2.265016717905429232e+03 1.474158137436145932e-01 9.273326526428000505e-04 9.405146979811000426e-04
2.268953483374853477e+03 1.441408738473481943e-01 9.422659873909000183e-04 9.661397863863999819e-04
2.272890396915676320e+03 1.451760402572697117e-01 9.823757908144000340e-04 1.106979994985399967e-03
2.276827463308366532e+03 1.448667214895364985e-01 1.016459800476299984e-03 1.041739232774600019e-03
2.280764687413694446e+03 1.446454588266395946e-01 1.065892685961900054e-03 1.036563635955499961e-03
2.284702074172730136e+03 1.457342921783358891e-01 1.026094151615000033e-03 1.035824834635600076e-03
2.288639628606855695e+03 1.437800295439222997e-01 1.067458491614500056e-03 1.062543767482899927e-03
2.293561843243010117e+03 1.455874799042568002e-01 9.406393818777999483e-04 8.189284329336000111e-04
2.313253473617693089e+03 1.444099340415430921e-01 1.003329736265699953e-03 1.154081306970100107e-03
2.317192403098264094e+03 1.447915709111256000e-01 1.131899914065599916e-03 1.103370856839200071e-03
2.321131544831666361e+03 1.446127867682062973e-01 1.015272964223899949e-03 1.001938460569699960e-03
2.325070904583763877e+03 1.432523418005439975e-01 1.051818072890699923e-03 1.179632785213199919e-03
2.329010488200784494e+03 1.468807446304757069e-01 1.032001563389899892e-03 9.869892106860000784e-04
2.332950301609332655e+03 1.447920862193370906e-01 1.048889396236700033e-03 1.095543559486999953e-03
2.336890350816396676e+03 1.441495826305201067e-01 1.120328527916899944e-03 1.064494486818699966e-03
2.340830641909361930e+03 1.465976944440773033e-01 1.123316656780299922e-03 1.099881026919399905e-03
2.344771181056017667e+03 1.442041563274170934e-01 1.185799421619000097e-03 1.140532145574799918e-03
2.348711974504569298e+03 1.430291875818789082e-01 1.121070367910199971e-03 1.061704496690199940e-03
2.352653028583644755e+03 1.456946969660979085e-01 1.066000249122999897e-03 1.202371104548100034e-03
2.356594349702310865e+03 1.469394641537191959e-01 1.101875232986100021e-03 1.151203833004200072e-03
2.360535944387183918e+03 1.451752144138910017e-01 1.104148164911999963e-03 1.086776647875500011e-03
2.364477820077117940e+03 1.451096275535604940e-01 1.198828948476700048e-03 1.224241126761300069e-03
2.368419983588077230e+03 1.463139103347498027e-01 1.159748957211100039e-03 1.186041159557200009e-03
2.372362440826644161e+03 1.452159833736720862e-01 1.173107748898999944e-03 1.178960169229599899e-03
2.376305198446488703e+03 1.461383861361001957e-01 1.082104827974999942e-03 1.001881742985300059e-03
2.380248263340179619e+03 1.472019086162328905e-01 1.084706481498899948e-03 1.202980338322800092e-03
2.384191642480752762e+03 1.463238328276235123e-01 1.198846060136100032e-03 1.151480120926400052e-03
2.388135342921723804e+03 1.455429222965919089e-01 1.177829621104700035e-03 1.205389216213700009e-03
2.392079371797097792e+03 1.443504262882304989e-01 1.320794903144399896e-03 1.264902542020899991e-03
2.396023736321381875e+03 1.443893176262792122e-01 1.213664079198200014e-03 1.263228304116200025e-03
2.399968443789593039e+03 1.450241742869773087e-01 1.234647156168499965e-03 1.173033499316699941e-03
2.403913501577275838e+03 1.442425960400749996e-01 1.223008574647099908e-03 1.142011079890700026e-03
2.407858917140509675e+03 1.444863077530695872e-01 1.192312968187400103e-03 1.204773594807000007e-03
2.411804698015921531e+03 1.441561597267773109e-01 1.281538549298100096e-03 1.184606685014200035e-03
2.415750851820698699e+03 1.462104455875588016e-01 1.315710902290500011e-03 1.280056000020900068e-03
2.419697386252600609e+03 1.438135134128961934e-01 1.226678386688700084e-03 1.302289365538499954e-03
2.423644309089972012e+03 1.467048709026332054e-01 1.351781638100800096e-03 1.183124950647200090e-03
2.428085099826255828e+03 1.455318039707897138e-01 1.043872050546999905e-03 1.014855493971799933e-03
2.434500414739913140e+03 1.459453706697151909e-01 1.288409738356200091e-03 1.176015267663999995e-03
2.438448866845196790e+03 1.455890449687317900e-01 1.311919782714899988e-03 1.269790652751900083e-03
2.442397746176234250e+03 1.447643977955757888e-01 1.201940844279999945e-03 1.206497546687800015e-03
2.446347060286009309e+03 1.448136947135993113e-01 1.237924382260099931e-03 1.282453710898599991e-03
2.450296817496715903e+03 1.469639717923224009e-01 1.344446144673099898e-03 1.236426654191100051e-03
2.454247026211230150e+03 1.462380698618480912e-01 1.340298128087400028e-03 1.247069429107700066e-03
2.458197694913053056e+03 1.478796852712692123e-01 1.250001418735300057e-03 1.208677610941000062e-03
2.462148832166321426e+03 1.473962737209894014e-01 1.255240023937100047e-03 1.220226045593900003e-03
2.466100446615815599e+03 1.470255186093638866e-01 1.202346692614199904e-03 1.278628394242499943e-03
2.470052546986974903e+03 1.476696060321275872e-01 1.311480674128400088e-03 1.199902813774000095e-03
2.474005142085908574e+03 1.457932549458731963e-01 1.376626945516500099e-03 1.319795961721000055e-03
2.477958240799403029e+03 1.479983314178923981e-01 1.397770702020800001e-03 1.257419383391000008e-03
2.481417593878894422e+03 1.433285518863793018e-01 1.569771775732999941e-03 1.420992590568200074e-03
2.485865985020689095e+03 1.445154946789624917e-01 1.355736480852200035e-03 1.370039552979099989e-03
2.490809483365411779e+03 1.458491077202367092e-01 1.125013520228199939e-03 1.179853810236100023e-03
2.510591709365601673e+03 1.448457150718746034e-01 1.282146646251500080e-03 1.456720542830400094e-03
2.514549902151451988e+03 1.488485875203914011e-01 1.467909826892899953e-03 1.394379916787300000e-03
2.518508694769809154e+03 1.477794975538891109e-01 1.412573726367700013e-03 1.397327188961200060e-03
2.522468098119287788e+03 1.467718173182983032e-01 1.365626621623799953e-03 1.418047867170999909e-03
2.526428121644049952e+03 1.458212102788714049e-01 1.397447551869599944e-03 1.375511658472999919e-03
2.530883945544421749e+03 1.467840603601205940e-01 1.202232404643500041e-03 1.163582584980199942e-03
2.555157736285560986e+03 1.468585326869862040e-01 1.548067075259699924e-03 1.550293408507600040e-03
2.559123254526781238e+03 1.474692566748604106e-01 1.535179836902099935e-03 1.384483904854999893e-03
2.563089487010972334e+03 1.447646489168731010e-01 1.518294496009399896e-03 1.409125187589499928e-03
2.567056444439685038e+03 1.465211185989090947e-01 1.522676494697999946e-03 1.446138284821200069e-03
2.571024137595217326e+03 1.484770405120406922e-01 1.488579887430699963e-03 1.391314363681399931e-03
2.574992577340612115e+03 1.462983267651080943e-01 1.556311723669999902e-03 1.635785268973400037e-03
2.578961774619653625e+03 1.450796024110377891e-01 1.588363887379200040e-03 1.459455136464200093e-03
2.582931740456871921e+03 1.476706094860520124e-01 1.467180672187700036e-03 1.301424054318900099e-03
2.586902485957532008e+03 1.454946351675789895e-01 1.663432081609400072e-03 1.468653648496100021e-03
2.590874022307635187e+03 1.427290268557452890e-01 1.494919838824500030e-03 1.517073706007200044e-03
2.594846360773915876e+03 1.460929774591525898e-01 1.536237174009200037e-03 1.541050877737799949e-03
2.598819512703831151e+03 1.457483876124404942e-01 1.536634555165800097e-03 1.628128527716699936e-03
2.602793489525557561e+03 1.474334324669052121e-01 1.458991458275200100e-03 1.418665345481499905e-03
2.606768302747982034e+03 1.460662825177667934e-01 1.527786096181400028e-03 1.462991580226999985e-03
2.610743963960694145e+03 1.449001326830026970e-01 1.660100384856600005e-03 1.528647054498600026e-03
2.614720484833976570e+03 1.447191532059322050e-01 1.729764150950199994e-03 1.620468196402100004e-03
2.618697877118792803e+03 1.460404611568056898e-01 1.472843252790799950e-03 1.530851546038200072e-03
2.622676152646775336e+03 1.449342188300818124e-01 1.587437181756300034e-03 1.666911003527599957e-03
2.626655323330212013e+03 1.450367194576892005e-01 1.727605260183999892e-03 1.488845803311700071e-03
2.630635401162031030e+03 1.455780205767167879e-01 1.594024457378499966e-03 1.486725317219700099e-03
2.634616398215786830e+03 1.487981808221899016e-01 1.324220499288700096e-03 1.324901439471600027e-03
2.638598326645639645e+03 1.454573952022497896e-01 1.480533583101400086e-03 1.643287490646400031e-03
2.642581198686336847e+03 1.460602861054405011e-01 1.561404766286800033e-03 1.615595706277000044e-03
2.646565026653193399e+03 1.478937033563831882e-01 1.674043473687100020e-03 1.694396908003199895e-03
2.650549822942070932e+03 1.482825778668876993e-01 1.529480605784200092e-03 1.486072074734400049e-03
2.654535600029349553e+03 1.452983605255344923e-01 1.652870025392199922e-03 1.596385234121099972e-03
2.658522370471906925e+03 1.480385553309929991e-01 1.722245111433100013e-03 1.552297584744199901e-03
2.662510146907090075e+03 1.465667184436854897e-01 1.566160007220299914e-03 1.478244840642800031e-03
2.666498942469511348e+03 1.471492665927078003e-01 1.523956684400999987e-03 1.555845027771500088e-03
2.670488770181025302e+03 1.454859599651694979e-01 1.660390557192100054e-03 1.569999628501899920e-03
2.674479642448771756e+03 1.500824833993698038e-01 1.627876682567799913e-03 1.599134314858699979e-03
2.678471571950124599e+03 1.466935650204662933e-01 1.814390363313100017e-03 1.679832831213200076e-03
2.682464571717677245e+03 1.473896229197962926e-01 1.596346997416399913e-03 1.625513517566999980e-03
2.686458654864139135e+03 1.483408405772506933e-01 1.590488221902200102e-03 1.541932988225000077e-03
2.690453834582291165e+03 1.458873093349637995e-01 1.794308376390400068e-03 1.775885225616499925e-03
2.694450124144942947e+03 1.484674226764071958e-01 1.678336665587300009e-03 1.833140471917499899e-03
2.698447536904884146e+03 1.468224822407220020e-01 1.712279175111299954e-03 1.795069847445899961e-03
2.702446086294834458e+03 1.508925308819797084e-01 1.799957398645100036e-03 1.767460026770100020e-03
2.708446071141672746e+03 1.504181254835597059e-01 1.789835519282299923e-03 1.625614902299999959e-03
2.712447521398882145e+03 1.462336652576849139e-01 1.778499158932800089e-03 1.832999529411400005e-03
2.716450155929320317e+03 1.501405656441678893e-01 1.731898188331399899e-03 1.652590152847299926e-03
2.720453988524724991e+03 1.458235365107236892e-01 1.779165498065800061e-03 1.982708960385899839e-03
2.724459033056452881e+03 1.465592594705721896e-01 1.840870553829800039e-03 1.807520236787399977e-03
2.728465303475411019e+03 1.444107967519102087e-01 1.966393727032899903e-03 1.781692487977899926e-03
2.732472813811989909e+03 1.474616716752477907e-01 1.662752814741800048e-03 1.705290905880899955e-03
2.736481578175988489e+03 1.474234961342316130e-01 1.739809800078999944e-03 1.709706567804700032e-03
2.740491610769141062e+03 1.450966142411170001e-01 1.975358855401000008e-03 2.007028000536000174e-03
2.744502926558860509e+03 1.461092930615826013e-01 1.722940132725800030e-03 1.772878632491099943e-03
2.748515540265816071e+03 1.444301413576357107e-01 1.816198482791399945e-03 1.665063962347999946e-03
2.752529465750487816e+03 1.483745841034271040e-01 2.000255350827200018e-03 1.747825657857499972e-03
2.756544717270563524e+03 1.435805848766537884e-01 2.031906743668399854e-03 2.013143191902099904e-03
2.760561309420481848e+03 1.490040088989929012e-01 1.863230772099400048e-03 1.717819939912500031e-03
2.764579256873686518e+03 1.438756699892221880e-01 1.899452458323199963e-03 1.978041479846199928e-03
2.768598574382528568e+03 1.468447357445064050e-01 1.909726580514699941e-03 1.983257803493899876e-03
2.772619276778165840e+03 1.467211350066847109e-01 1.809412486641800034e-03 1.778394804059999987e-03
2.776641378970462029e+03 1.495747950377852020e-01 1.855011392506899972e-03 1.727024567781700092e-03
2.780664895947876175e+03 1.488246432049268875e-01 1.884706007767799956e-03 1.783921190524499984e-03
2.784689842777354897e+03 1.481713908865386897e-01 1.908224646183699896e-03 1.997338218000500008e-03
2.788716234604215970e+03 1.472233359147059051e-01 2.113726472200600035e-03 1.904936441056400039e-03
2.792744086652031001e+03 1.435336850036715017e-01 1.975595738544600171e-03 1.902412501148100041e-03
2.797277289645408928e+03 1.466556042954852979e-01 1.849442483637199919e-03 1.643587451332599939e-03
2.804836795322512899e+03 1.476980386101280907e-01 1.751484242644499962e-03 1.656817399650399895e-03
