3.724394176514561536e+02
3.790956886268680819e+02
3.858767383551394232e+02
3.927956956095242163e+02
3.998269997934664843e+02
4.069803191261586335e+02
4.142616187802590275e+02
4.216791412779284656e+02
4.292354923854600202e+02
4.369272513809410725e+02
4.447568447494404609e+02
4.526833926636420529e+02
4.607946483176820038e+02
4.690804493126829016e+02
4.774734508264787110e+02
4.859991317233759673e+02
4.946728749518752011e+02
5.035059776510496476e+02
5.125167955043322081e+02
5.216892096183760259e+02
5.310497938638744699e+02
5.405430517402924124e+02
5.501705796644337170e+02
5.599983153858408969e+02
5.699977581407526941e+02
5.802103908156852867e+02
5.906172676723074346e+02
6.011476305642931948e+02
6.118932321099016463e+02
6.228349713359123143e+02
6.339688322128022264e+02
6.453023491509072755e+02
6.568533319588027553e+02
6.685828360600324913e+02
6.805328151164278552e+02
6.927310071508175042e+02
7.051886214416024359e+02
7.177877514031924875e+02
7.306407219565514879e+02
7.436990412089535312e+02
7.569886361681758444e+02
7.705540440463761342e+02
7.843159588951496062e+02
7.983115389812357989e+02
8.126926662079813468e+02
8.272416346837679839e+02
8.420974277152705554e+02
8.572135093643273649e+02
8.726231265532960606e+02
8.883252517324908695e+02
9.042452452467794046e+02
9.204735272773471024e+02
9.370223160908095679e+02
9.537384697154147943e+02
9.707354093518997615e+02
9.880854517781001505e+02
1.005818419145808321e+03
1.023755360020707030e+03
1.042099313973941662e+03
1.060747199200805653e+03
1.079781324026499988e+03
1.099178242249635787e+03
1.118852105586084463e+03
1.138804552239992518e+03
1.159152796750624475e+03
1.180018955323156661e+03
1.201136517611677164e+03
1.222631100645817241e+03
1.244525610001782525e+03
1.266704635508619276e+03
1.289347630057787683e+03
1.312472964496974782e+03
1.336086812423572837e+03
1.359933173501261535e+03
1.384398448469681625e+03
1.409268423725077810e+03
1.434586432211197916e+03
1.460244999072267092e+03
1.486420353450208040e+03
1.513004125623260279e+03
1.540145304363601099e+03
1.567621635147393590e+03
1.595736859566311523e+03
1.624351735897991148e+03
1.653505326115731805e+03
1.683254162830648056e+03
1.713544012900457574e+03
1.744253123277171653e+03
1.775499047533232442e+03
1.807388509543428199e+03
1.839638953742482045e+03
1.872753306395431991e+03
1.906302095330398515e+03
1.940461571520155985e+03
1.975177502902835840e+03
2.010504885371179171e+03
2.046599399782612181e+03
2.083327917960300510e+03
2.120744287487008478e+03
2.158934880540639824e+03
2.197663885622741873e+03
